rate_for_P_=_10_dB _tx_ant_= _3  
Bits   Actual    Bits 
6      2.6639   8.6544 
12     5.8651   8.6544 
18     7.6603   8.6544 
24     8.3532   8.6544 
30     8.548    8.6544 
36     8.6307   8.6544 
42     8.6501   8.6544 
48     8.5732   8.6544 
54     8.6289   8.6544 
60     8.6218   8.6544 
66     8.5869   8.6544 
72     8.6043   8.6544 
78     8.5986   8.6544 
84     8.6144   8.6544 
rate_for_P_=_10_dB _tx_ant_= _6  
Bits   Actual     Bits 
6      3.3788    12.1092 
12     7.7802    12.1092 
18     10.5041   12.1092 
24     11.5462   12.1092 
30     11.9173   12.1092 
36     12.0266   12.1092 
42     12.0489   12.1092 
48     12.0898   12.1092 
54     12.0717   12.1092 
60     12.0104   12.1092 
66     12.0104   12.1092 
72     12.1004   12.1092 
78     12.1092   12.1092 
84     12.0499   12.1092 
rate_for_P_=_10_dB _tx_ant_= _9  
Bits   Actual     Bits 
6      3.5685   14.1612 
12     8.3918   14.1612 
18     11.8127  14.1612 
24     13.4472  14.1612 
30     13.9337  14.1612 
36     14.083   14.1612 
42     14.0841  14.1612 
48     14.1279  14.1612 
54     14.1164  14.1612 
60     14.1145  14.1612 
66     14.13    14.1612 
72     14.1233  14.1612 
78     14.1056  14.1612 
84     14.1364  14.1612 
