For 3 transmit antennas1Power 
Bits  Actual Bits 
6     1.687    3.16
12     2.6467    3.123
18     3.0218    3.1514
24     3.1194    3.1526
30     3.1343    3.1427
36     3.1526    3.1547
42     3.1587    3.1592
48     3.1386    3.1388
54     3.1377    3.1378
60     3.1616    3.1616
66     3.1561    3.1561
72     3.1687    3.1687
78     3.119    3.119
84     3.1469    3.1469
For 6 transmit antennas1Power 
Bits  Actual Bits 
6     2.215    4.5775
12     3.7514    4.5413
18     4.2907    4.5088
24     4.5113    4.5673
30     4.5324    4.5465
36     4.5617    4.5652
42     4.5175    4.5183
48     4.5317    4.5319
54     4.5313    4.5314
60     4.5402    4.5402
66     4.558    4.558
72     4.5417    4.5417
78     4.5356    4.5356
84     4.5066    4.5066
For 9 transmit antennas1Power 
Bits  Actual Bits 
6     2.4956    5.6585
12     4.6116    5.6987
18     5.3664    5.6704
24     5.6006    5.679
30     5.651    5.6707
36     5.6643    5.6692
42     5.7203    5.7215
48     5.6683    5.6686
54     5.6933    5.6933
60     5.6843    5.6843
66     5.6588    5.6588
72     5.7307    5.7307
78     5.6826    5.6826
84     5.6828    5.6828
For 3 transmit antennas1.9953Power 
Bits  Actual Bits 
6     2.0055    4.4424
12     3.6233    4.4871
18     4.2296    4.4752
24     4.3753    4.4391
30     4.4435    4.4595
36     4.4835    4.4875
42     4.4314    4.4324
48     4.4631    4.4634
54     4.4569    4.4569
60     4.4602    4.4603
66     4.4444    4.4444
72     4.4336    4.4336
78     4.4432    4.4432
84     4.4328    4.4328
For 6 transmit antennas1.9953Power 
Bits  Actual Bits 
6     2.6168    6.3739
12     4.9767    6.3604
18     5.9725    6.3747
24     6.2644    6.3696
30     6.3609    6.3875
36     6.3515    6.3582
42     6.3832    6.3849
48     6.3762    6.3766
54     6.3712    6.3713
60     6.3645    6.3645
66     6.3984    6.3984
72     6.412    6.412
78     6.3865    6.3865
84     6.3867    6.3867
For 9 transmit antennas1.9953Power 
Bits  Actual Bits 
6     2.9655    7.8933
12     5.9699    7.8871
18     7.3048    7.8788
24     7.7847    7.9363
30     7.8748    7.9133
36     7.8722    7.8819
42     7.8923    7.8947
48     7.9041    7.9047
54     7.8979    7.8981
60     7.9278    7.9278
66     7.8811    7.8811
72     7.8812    7.8812
78     7.8873    7.8873
84     7.888    7.888
For 3 transmit antennas3.9811Power 
Bits  Actual Bits 
6     2.4227    6.045
12     4.6058    6.0305
18     5.6338    6.0656
24     5.9902    6.1049
30     6.0896    6.1187
36     6.1048    6.1121
42     6.0448    6.0467
48     6.0978    6.0982
54     6.0823    6.0824
60     6.0575    6.0575
66     6.0687    6.0687
72     6.0517    6.0517
78     6.0556    6.0556
84     6.0544    6.0544
For 6 transmit antennas3.9811Power 
Bits  Actual Bits 
6     2.9187    8.6415
12     6.1746    8.5601
18     7.8597    8.6112
24     8.4008    8.6034
30     8.5607    8.6125
36     8.6191    8.6321
42     8.6251    8.6284
48     8.6032    8.604
54     8.6149    8.6151
60     8.6702    8.6703
66     8.6006    8.6006
72     8.6193    8.6193
78     8.5883    8.5883
84     8.6178    8.6178
For 9 transmit antennas3.9811Power 
Bits  Actual Bits 
6     3.3373    10.4642
12     7.238    10.4354
18     9.3758    10.437
24     10.1483    10.4407
30     10.3464    10.4215
36     10.4293    10.4482
42     10.4206    10.4253
48     10.4293    10.4304
54     10.4405    10.4408
60     10.4288    10.4289
66     10.3951    10.3951
72     10.3973    10.3973
78     10.4432    10.4432
84     10.4407    10.4407
For 3 transmit antennas10Power 
Bits  Actual Bits 
6     2.6639    8.5797
12     5.8651    8.5799
18     7.6603    8.5957
24     8.3532    8.6164
30     8.548    8.6161
36     8.6307    8.6478
42     8.6501    8.6544
48     8.5732    8.5743
54     8.6289    8.6292
60     8.6218    8.6218
66     8.5869    8.5869
72     8.6043    8.6043
78     8.5986    8.5986
84     8.6144    8.6144
For 6 transmit antennas10Power 
Bits  Actual Bits 
6     3.3788    12.1072
12     7.7802    12.1003
18     10.5041    12.0843
24     11.5462    12.0043
30     11.9173    12.037
36     12.0266    12.0569
42     12.0489    12.0565
48     12.0898    12.0917
54     12.0717    12.0722
60     12.0104    12.0105
66     12.0104    12.0104
72     12.1004    12.1005
78     12.1092    12.1092
84     12.0499    12.0499
For 9 transmit antennas10Power 
Bits  Actual Bits 
6     3.5685    14.1612
12     8.3918    14.1048
18     11.8127    14.1002
24     13.4472    14.1467
30     13.9337    14.12
36     14.083    14.1304
42     14.0841    14.096
48     14.1279    14.1308
54     14.1164    14.1171
60     14.1145    14.1147
66     14.13    14.1301
72     14.1233    14.1233
78     14.1056    14.1056
84     14.1364    14.1364
